min_posit = 2.2250738585072011d-308;
max_posit = 1.7976931348623159d308;
min_negat = -2.2250738585072011d-308;
max_negat = -1.7976931348623159d308;
